3 4 6282 3312 11444 6521 
2 10 6282 349 3340 9388 321 9320 9294 11219 375 6521 
2 5 6282 6334 9334 9361 11372 
1 4 6332 6402 3351 3380 
3 3 3522 9456 6521 
1 4 3522 9375 526 6377 
1 4 6377 6263 6325 9347 
2 5 11366 317 6389 11331 11305 
3 9 9570 3545 552 6595 3572 11415 9496 11505 6521 
1 4 11366 3231 3368 9347 
1 3 6377 3271 3326 
2 4 9347 6325 6349 374 
1 2 241 374 
2 7 6469 6622 11346 9281 11264 11360 241 
3 2 6469 587 
3 2 6469 495 
1 3 495 6535 11388 
1 5 11388 247 309 3326 374 
1 6 495 6535 9509 405 3395 6377 
2 4 3547 6570 9482 495 
2 4 11494 3423 9575 9559 
3 2 6444 3423 
2 4 589 11560 11547 9575 
3 5 6488 589 6568 3530 9517 
2 5 3530 3558 563 11531 9575 
2 2 11499 708 
2 3 708 3705 692 
2 3 692 11653 9515 
2 6 3692 6712 6542 9517 519 11499 
1 4 3692 3679 6934 9655 
2 4 9655 11638 6693 692 
1 3 11499 3690 9655 
3 6 495 3398 9547 9486 6444 6488 
2 5 9515 3299 571 11544 9416 
1 4 9515 6725 6708 688 
2 4 11499 9545 11529 11544 
1 4 495 9443 11533 564 
1 7 6377 11493 6513 564 9524 11445 11417 
2 5 3535 9471 13501 9441 6421 
1 4 11372 11343 9263 13295 
1 9 389 334 11288 11260 9252 9387 6236 6390 6282 
1 6 6332 395 3384 11312 3272 6296 
1 3 3320 327 6296 
3 16 3151 149 11068 9164 6095 6035 6086 9111 187 2999 11315 3215 11250 3358 11282 6380 
2 4 758 11710 9689 6734 
2 5 11805 3861 799 6924 9817 
1 7 6880 9765 3866 980 970 11768 11805 
2 3 6734 9686 11677 
1 4 11677 11692 6955 758 
1 3 9764 854 9824 
2 7 6906 9896 6817 3873 6966 6812 9764 
1 4 6906 6959 9889 4098 
1 2 4098 10024 
1 5 10024 10109 4065 11956 1176 
1 3 1176 11956 12038 
2 4 1176 7068 7198 4182 
1 3 4182 10009 9979 
2 3 4182 13231 7183 
1 2 7183 1048 
1 3 4182 13231 10094 
1 4 4182 7198 6744 875 
1 3 7183 1178 875 
2 6 9764 6812 6966 13223 3954 3816 
2 4 3816 9813 11821 915 
2 7 3938 9767 6993 9785 11766 813 3816 
1 7 3816 6878 6903 3902 11852 13233 740 
1 4 885 11852 13233 740 
1 5 3938 3794 9800 9846 11825 
1 4 11825 6936 903 885 
1 6 11825 4024 3920 726 3729 11707 
1 7 11677 11840 3725 3727 3918 918 11825 
1 5 11707 6749 9703 11688 740 
2 7 7183 4080 11749 6954 931 9925 13230 
1 6 13230 9839 9917 11820 896 3938 
1 8 1176 4095 12083 9828 9778 13229 13224 3938 
2 4 11825 9846 13232 6867 
1 5 6867 13221 11756 9839 13230 
1 5 6867 874 845 889 9817 
1 6 13230 9877 3926 844 924 11805 
2 4 10024 1093 9903 832 
1 4 4098 1093 11884 832 
1 5 832 942 9757 6914 3938 
2 4 875 3871 3810 6948 
1 5 6948 985 11780 6866 13230 
1 6 6948 6832 6800 13229 13224 3938 
1 5 3945 6879 9852 6914 3938 
1 6 6906 3799 871 7213 11737 3816 
2 4 6287 6393 3260 3325 
1 3 6364 6235 394 
1 4 241 11360 11318 9335 
1 2 9335 6336 
2 4 6469 3512 9363 6241 
3 2 6241 391 
1 3 391 68 3314 
1 3 6241 6286 6336 
3 2 391 9498 
1 4 9498 3262 11419 6598 
3 2 6598 516 
2 4 587 9522 11562 11519 
1 3 11519 13068 516 
2 4 6583 11435 11470 3547 
2 3 587 3547 11494 
1 2 9559 6583 
1 2 6560 516 
1 3 516 3576 11483 
1 3 11483 3536 11548 
1 4 11506 9534 6569 485 
2 4 11506 9561 454 11420 
1 3 11420 9500 11548 
1 2 11563 9434 
2 5 11506 9523 3549 9578 11563 
2 9 11506 9523 3549 3534 553 11521 11535 3579 6449 
2 4 512 9725 9523 11506 
2 4 3671 9492 6533 512 
2 8 11506 9523 6547 11463 3509 3495 527 9495 
2 5 3552 6572 9525 11508 9495 
2 5 3671 9492 9478 503 11465 
2 3 11465 9510 6536 
2 4 6657 655 3659 3671 
2 5 620 3626 651 669 3671 
2 7 9737 11565 595 11582 629 11596 3671 
1 5 9737 11565 595 3598 620 
2 6 6766 11702 6775 11720 9717 9737 
2 3 740 6756 743 
1 4 743 9710 6777 9737 
2 5 743 11697 11699 3749 6766 
2 6 6766 11702 6775 9734 9751 620 
2 4 9824 9853 3946 6960 
1 4 6766 943 9723 6960 
2 5 6960 9898 11877 958 11834 
2 2 11834 911 
2 3 911 3928 9909 
2 5 9909 11891 3772 6788 6790 
2 7 11834 958 11713 762 780 3589 6613 
1 3 3594 11593 6613 
2 6 3594 9607 11576 6648 3621 620 
2 7 6960 760 11709 3754 769 9748 3594 
2 6 3594 9609 667 9644 6518 512 
2 4 6613 11794 648 3652 
2 5 3652 3669 3506 11491 11506 
2 7 3652 9642 3666 698 521 1346 9503 
2 10 11506 11518 6949 3506 9490 3533 6531 9658 6698 698 
2 3 6529 678 698 
2 5 5291 9559 11502 3629 549 
2 4 11506 11518 11549 13011 
2 5 11420 454 3402 11549 13011 
2 3 549 9503 6529 
2 9 11506 11518 6949 551 11732 6545 5291 11516 521 
2 6 6780 9745 6609 11573 6784 3589 
2 5 6788 771 9741 11730 6780 
3 11 6780 11730 9741 776 3780 9584 9600 658 661 11623 663 
2 7 678 6683 9620 9618 636 6635 776 
2 5 9620 9638 663 11604 636 
1 3 663 11640 3692 
1 9 663 11623 6680 6678 9633 11618 673 11620 692 
1 4 9515 9681 3703 9665 
3 4 9665 11651 704 11666 
3 3 11666 6690 9648 
3 8 11584 6656 3657 6673 3674 3673 653 9648 
3 4 11584 628 6626 13328 
1 3 688 3684 9665 
1 4 673 11634 3675 688 
3 3 603 3604 11584 
3 4 603 3776 773 3780 
2 4 603 3776 11734 6606 
3 5 11584 9582 13337 6793 6606 
1 9 3780 13347 6790 3773 13343 9752 3976 6606 13338 
2 3 6606 782 13336 
1 4 782 9924 967 925 
2 4 6788 6973 13348 6946 
2 2 9904 11751 
1 4 11751 6862 6875 11833 
1 3 11833 6946 13341 
1 5 6606 6985 1616 9907 13339 
1 5 9907 9879 9750 6862 11751 
1 4 925 6926 9794 9904 
1 3 6831 9838 925 
2 4 11837 9784 6843 883 
1 4 883 6939 3966 6831 
2 3 819 11803 883 
2 2 11846 9904 
1 4 11846 923 9826 819 
2 9 819 955 851 3968 10027 3901 12066 9990 13327 
1 2 11998 11837 
1 6 9990 12066 12098 10027 9856 11837 
1 2 4014 4159 
2 4 4159 1156 3857 10074 
1 5 11773 11874 11824 9772 6891 
2 6 383 3307 6412 9362 6345 9279 
2 4 11380 11082 161 6050 
2 10 9279 11376 9300 9410 9251 9329 9406 6397 9393 11380 
2 12 383 6331 3286 3375 3063 6188 9209 9109 11188 11082 161 6050 
1 6 9279 11376 6120 11160 11327 11215 
2 4 6296 6360 6229 9483 
2 4 9483 6342 6222 9340 
1 5 9483 3354 9262 6314 3288 
2 6 3320 9295 11342 11226 11358 310 
1 4 310 7482 10323 9340 
2 4 6440 11432 6559 9471 
1 3 11666 6739 9692 
2 4 9692 541 11522 11539 
1 4 9427 11398 11554 11539 
1 4 11539 581 3550 3581 
3 6 9660 11663 9676 6720 3700 11666 
2 6 9660 6703 682 3670 9611 11581 
2 4 11581 3654 6650 9627 
2 3 9627 599 6626 
2 4 9648 9646 665 11581 
2 5 619 3623 6670 11625 9660 
1 5 11581 624 9595 6647 619 
2 4 619 3617 11580 11586 
1 4 9606 11787 3617 619 
2 3 3601 3592 11581 
2 6 3601 13252 11564 13356 11735 13328 
1 6 3601 591 11901 13357 3943 3924 
2 4 11586 11583 6634 9602 
2 9 4109 3988 1109 976 863 6930 3844 10163 11818 
2 5 949 11868 11887 9756 9602 
1 6 949 3971 3952 3796 9610 9612 
2 4 949 3908 3937 6923 
2 5 6923 9862 11842 922 9833 
2 2 3663 9617 
1 4 657 6677 11603 9617 
1 9 9548 6761 744 3741 6747 9701 11652 9651 3663 
1 8 3663 3636 3639 637 3645 11657 3649 9606 
1 8 3663 11619 690 9668 9670 9672 6714 6711 
1 3 6711 3709 3696 
2 6 3696 11644 699 6716 716 9660 
1 3 746 713 3696 
1 5 3581 6586 11691 3548 746 
1 4 3288 348 11265 6332 
2 7 9340 9240 9317 11291 3074 496 3152 
2 5 3152 11426 11127 11443 4640 
1 7 4640 126 3120 181 11080 6174 3151 
1 4 11105 6108 9194 3083 
1 4 3151 3060 9100 9206 
1 5 9206 6082 11056 9183 9073 
1 6 9073 67 9167 6144 9129 11105 
1 4 11370 277 6340 3320 
2 8 3544 524 6567 9290 6375 9398 11245 6332 
2 9 6558 17 11515 493 9508 9400 3544 6511 3458 
1 7 552 9470 3532 6558 388 11232 279 
1 4 9427 13205 6464 11467 
2 6 9427 11430 6416 3458 3559 11399 
2 8 11479 9468 9494 6522 6499 442 11413 9427 
2 6 11479 9558 422 11441 6546 11528 
1 5 11528 11466 9544 402 524 
1 4 3501 13070 11333 6103 
1 4 9458 507 9239 6103 
1 7 540 3463 9484 6351 11471 9239 6103 
1 4 3369 11471 9239 6103 
1 5 6103 9239 6221 6270 9297 
1 3 3369 7239 9297 
3 4 6103 11374 221 271 
1 3 9297 11345 9315 
1 7 6103 11221 296 9322 364 11382 9315 
1 3 3369 6378 377 
1 6 377 3241 6301 3301 3205 6384 
1 4 9315 11382 9269 11297 
1 5 6384 6335 6399 11332 11218 
1 4 351 11299 11378 9392 
1 5 11218 9350 9237 6395 3273 
1 3 9392 9383 3273 
1 5 3273 9383 6300 3150 11136 
1 5 3273 9383 159 11306 9075 
1 4 11293 3359 13373 3379 
1 4 385 3329 3379 13374 
2 7 7394 9284 6313 9310 303 3342 11293 
2 4 11528 3392 290 11301 
2 5 11301 11357 400 3254 11312 
1 5 3320 9274 3393 13206 347 
1 4 11370 11216 9236 9304 
2 5 9304 3309 318 347 11301 
1 4 11399 6580 536 11479 
1 7 310 6459 3219 6326 6249 9323 11241 
2 4 11241 323 6293 11234 
1 8 11202 11097 3053 6139 181 11080 6174 3151 
1 10 11234 9331 320 9234 11109 117 6197 79 6174 3151 
1 6 11349 11326 366 3358 11282 6380 
1 5 11349 6264 3235 9287 11234 
2 4 11370 294 11322 3331 
1 4 3331 11220 11290 306 
1 3 11241 9241 3331 
1 2 3331 9289 
1 8 383 295 11070 69 147 3007 11184 6115 
1 7 9096 6151 9036 3094 9204 9103 6115 
1 9 6115 11078 9157 27 11037 3059 9170 6145 122 
1 4 11028 9157 11078 6115 
1 5 11028 9227 11206 9139 3022 
1 3 192 6055 101 
1 7 101 3095 11155 9226 9186 3104 9108 
1 11 9108 6083 6161 9220 11067 118 11185 6063 130 205 3108 
1 10 6050 9149 3182 11091 9117 49 9051 125 9035 3108 
1 4 9197 11068 149 3151 
1 7 9197 70 11059 11153 6057 90 11159 
1 11 3189 9195 94 6021 11175 155 92 11092 3033 9118 11159 
1 9 3189 86 3008 9162 3121 6181 9201 11117 3134 
1 8 11105 9129 11172 3025 6138 9038 6013 3122 
1 5 9073 11138 9056 9163 141 
1 10 11202 415 592 9485 6408 308 11291 9317 9240 9340 
2 10 306 3362 6387 9272 11254 335 401 3327 3391 6380 
2 4 11370 216 386 3350 
2 2 6373 3350 
1 3 6373 6344 9288 
2 3 9289 3378 6373 
2 7 6373 6319 9249 3507 9568 441 6593 
2 9 6593 3470 11543 6435 572 513 422 6580 11399 
2 7 11479 491 11427 438 462 6429 476 
2 4 476 11464 11514 6593 
1 5 11479 6483 11411 11550 9548 
2 6 476 9423 9576 754 741 11670 
2 5 476 9481 11490 504 525 
2 8 3686 705 3722 568 737 3573 588 11405 
1 2 11405 11437 
2 9 11437 6423 6451 3452 458 11438 9465 504 525 
2 6 11437 453 472 3449 3466 6474 
2 4 6474 6493 9430 13349 
2 9 717 9696 3734 3752 3765 9744 585 9417 9430 
1 8 719 717 3698 9663 11647 11617 11599 772 
2 7 7661 7495 4458 7624 4463 13363 3668 
2 6 3653 772 654 9626 6671 1599 
1 9 7661 1536 4614 4477 11645 11674 1539 12450 12320 
2 12 13363 3672 670 9628 685 11633 714 11678 11696 9726 6781 3765 
2 2 413 3527 
2 10 9417 11434 11450 11459 3519 3540 6591 11412 11475 3527 
2 6 6474 3479 502 6530 3531 418 
2 7 3527 9552 9489 11439 3409 9556 418 
1 5 418 9449 3492 558 3580 
1 4 11504 3557 11397 418 
2 7 525 11557 9543 11530 9519 559 11504 
2 4 525 11557 6458 11489 
2 5 9288 546 9506 3480 11489 
2 7 11489 6508 9566 3225 288 3306 3335 
2 9 3335 6252 11284 11235 11300 3263 6348 6414 6380 
2 4 3580 9260 9328 9355 
2 5 9355 9411 11242 3292 6262 
2 6 6262 6396 6290 9348 6414 6380 
2 3 413 6341 6398 
2 4 6398 6230 6279 3356 
2 7 3356 9330 11268 9282 9348 6414 6380 
2 6 3578 3426 9460 433 11408 9422 
2 7 6398 6369 9339 9312 11436 471 9422 
2 6 121 252 6356 9278 9378 6380 
2 7 121 9122 11099 2 9168 2996 9131 
2 4 9197 70 11174 3140 
2 9 3140 172 9107 3163 11083 81 9207 11189 9131 
2 12 6380 301 11362 6316 378 280 3370 3268 6392 6295 6299 11375 
2 3 11344 3303 11375 
2 11 6380 301 3290 9235 11217 214 3339 6362 6410 9407 11344 
2 7 9422 313 3304 6353 6382 9409 9258 
2 6 9258 9286 6391 11262 11394 11344 
2 9 11344 11277 3352 6374 6253 9373 11356 11243 6338 
2 10 9258 9286 11269 3317 286 3276 6302 6226 6275 11225 
2 9 11225 11348 393 3357 3330 6379 10299 12128 12298 
2 8 11225 11377 11256 3265 4324 4283 1305 1278 
2 6 1278 12117 10142 10329 12157 9292 
2 5 9292 1233 12287 10133 1821 
2 6 12298 4322 1254 4294 7341 10253 
2 7 7243 4300 4374 4227 1314 12294 10253 
2 7 6338 260 9336 3251 3300 6388 6278 
2 11 6278 7403 206 1380 10286 10314 361 3280 7320 10133 1821 
2 7 7375 11228 237 3280 7320 10133 1821 
2 10 7375 11352 7346 12203 9293 370 3027 3139 272 6124 
2 13 9131 2996 11143 143 3135 9200 11075 73 3066 3103 6089 9214 6124 
1 5 7477 7563 4599 12491 12333 
1 5 3951 6808 9806 11784 11747 
2 4 3951 6871 11811 11829 
2 3 9878 3983 3951 
1 6 9878 3876 11860 940 9755 6807 
2 6 11746 11810 10056 4124 7143 6807 
2 5 1821 9553 1543 10189 4824 
2 3 9292 1327 1292 
1 3 3325 3277 399 
1 3 3325 3277 6364 
1 3 11366 332 399 
2 10 1292 1775 1294 12521 4780 7800 1709 10696 13299 13300 
2 8 4824 7846 7774 3472 10600 12652 4700 10696 
2 7 7274 7825 1860 1733 12679 12546 13299 
2 13 1483 13422 2058 10488 1459 10601 4686 12397 7597 12329 7657 7600 7243 
2 10 1459 11687 4629 1573 12161 9605 7924 10414 8099 12333 
2 8 7274 4866 7757 12631 7886 10712 10639 12691 
2 8 12691 12621 1876 1813 10549 10661 12540 4797 
2 11 4797 1762 4837 10528 4766 12507 7860 4705 1672 7786 4677 
2 9 957 6989 11750 6684 664 6686 11643 10466 12189 
2 6 7642 4434 4621 1425 4406 7381 
1 5 7642 10135 12293 4390 4608 
2 5 12299 4424 7427 4412 10297 
2 18 10297 1376 12215 7342 1291 12144 7236 4371 1337 4312 12201 1281 1308 4388 12220 12122 1427 7408 
2 9 7408 10250 10221 12173 10411 7572 7353 7492 1488 
1 4 1330 12127 4336 1403 
2 4 1330 10154 10283 10344 
2 7 1330 12127 1417 12256 4626 4585 1492 
1 5 1492 7469 12464 1082 4425 
1 2 1185 4075 
1 8 4075 12075 10075 12319 1522 4501 12282 7446 
3 2 1182 9998 
2 3 9998 7157 7087 
2 3 7087 12097 10125 
2 2 7072 11960 
2 5 10125 7187 4172 4142 11960 
2 3 7072 12031 7212 
2 3 7212 11946 1092 
2 3 1092 10052 11985 
2 2 11960 1136 
1 2 7072 1136 
2 8 1136 9985 10055 1167 7145 1191 7050 11985 
2 2 1025 7110 
1 2 7110 9950 
2 6 4102 1183 12006 11925 4164 7110 
1 2 11985 1025 
2 5 11960 4142 4172 7102 10032 
2 7 1182 4188 4100 7016 4118 1024 7169 
2 4 7169 12056 3848 6994 
2 6 1117 11930 4067 1063 9865 6994 
2 2 12007 1117 
1 3 12007 10128 10032 
2 5 10125 7187 10015 11989 12007 
2 5 1182 1097 11908 11989 12007 
2 3 3962 7532 10444 
1 3 10444 10512 12421 
1 3 6994 9859 3962 
2 4 4056 4086 1081 11977 
2 4 11948 10110 4126 11977 
2 4 11977 7204 7221 7125 
2 5 7125 9981 848 10083 6928 
3 5 7125 12040 11915 10065 4052 
3 5 4052 9790 912 11835 6981 
3 6 6981 3970 3839 3895 9885 11771 
3 3 10068 11761 13379 
2 5 10068 12043 1052 3900 13435 
2 5 11980 11944 4137 10068 13380 
2 9 1169 1188 4190 7109 13405 1134 4140 9843 9776 
2 9 12055 11973 1161 11916 7094 10008 1146 11913 1099 
1 7 13386 10034 10076 7120 996 11982 11913 
2 4 1169 4144 1139 9958 
2 9 4631 4619 7167 10462 10446 7568 12012 10364 9958 
1 4 7097 9999 13480 4631 
2 3 10062 7108 1047 
2 5 12068 1091 11959 7214 7186 
1 10 1047 12095 1120 9970 9982 12350 7159 7502 12483 7097 
1 3 9991 12010 11968 
1 5 11968 9993 12423 1497 12366 
1 7 4245 10077 4644 7662 7565 10389 12338 
1 8 4245 10077 1609 4616 10443 10389 10349 7455 
2 7 4245 10077 4644 7593 7537 4544 4516 
1 6 4245 4062 7220 1444 12035 12307 
1 5 4245 4062 4104 1101 10060 
1 5 10060 10116 12462 11978 10001 
1 5 10001 10255 4237 1228 7340 
1 5 7340 4280 12114 4472 8087 
1 6 10278 12180 10152 1430 4321 7340 
1 4 10278 7436 1268 10246 
1 3 10246 4416 7265 
1 4 10278 1344 12734 8011 
1 5 10246 4416 1409 7288 1321 
1 8 10278 1344 12734 10808 8067 7363 10274 7447 
1 5 7447 13408 7391 10190 7244 
1 4 8011 8100 10208 4278 
1 4 8011 8100 4414 10756 
1 4 10756 10259 5104 8087 
1 6 10278 1344 7310 12779 10296 10756 
1 4 10756 10259 5104 1359 
1 3 8087 10324 1359 
1 5 1359 12142 4353 10270 1349 
1 8 4278 12105 7250 12295 10210 12182 12269 1349 
1 6 1349 7013 4187 7150 11952 9975 
1 5 4516 1569 2005 7938 5040 
1 3 5040 5055 12137 
1 4 5040 4045 2036 12137 
1 3 4516 10751 9973 
1 4 9973 4299 1377 12137 
3 4 12137 5086 10794 2086 
2 6 2086 2032 10729 12822 12005 10887 
1 7 2086 12868 2002 10772 10066 9084 10887 
1 3 10887 9084 8007 
1 3 3456 10108 4110 
1 3 4110 7084 10735 
1 3 10735 8098 5105 
1 4 10735 1971 10898 8007 
1 4 10887 4979 8022 12763 
1 5 9975 1144 7207 4132 13494 
1 9 4245 4062 7220 1059 1538 10428 9946 7574 10401 
1 5 10401 12420 4557 4883 10030 
1 6 1349 7013 4072 7060 7430 10030 
1 6 10030 4950 11995 4953 5096 5040 
1 3 7260 7344 10201 
1 7 5005 7953 1922 2065 1982 10922 10837 
1 4 7602 10385 10768 10837 
1 6 8001 12046 2089 8085 1955 12702 
1 4 8001 2004 7994 2097 
1 4 2097 3795 1600 10106 
2 3 11746 806 3889 
1 5 12473 7140 1056 4550 4111 
1 2 4111 792 
1 3 7151 1086 1201 
1 7 4115 4017 10089 7151 7170 1074 4111 
1 5 792 11919 1065 13498 4206 
1 2 4073 12049 
1 2 4073 7011 
3 2 11829 9833 
2 4 4345 4417 10320 7433 
2 10 7433 1284 12291 4362 7379 4432 1424 7304 7644 7361 
2 8 4345 4417 10320 10174 12221 1282 4342 4285 
3 3 4345 4270 3778 
2 8 3775 6797 9580 11567 3605 6625 4270 4345 
2 13 9450 6713 11641 11685 9684 6769 11669 9724 9711 722 11695 3763 3775 
3 6 3778 3635 3661 9634 6676 6510 
2 13 6510 9467 12278 12582 602 777 10718 4775 7899 1769 4875 4426 4872 
2 12 6510 9480 1299 4869 1782 10718 7794 13094 11571 4875 4426 4872 
2 3 12603 10611 4739 
2 5 4739 9669 6726 515 3010 
2 7 4872 12688 3721 12593 12663 3481 4739 
2 5 12603 1788 3721 12688 4872 
2 5 12603 10611 11440 10684 7787 
1 7 7787 4765 4877 4343 7853 1858 1408 
1 8 3010 6754 1347 7761 1737 7853 1858 1408 
2 4 1408 4428 10157 7315 
3 3 7315 12214 10327 
2 4 7315 7386 10271 12211 
2 2 12603 4759 
2 4 4759 10709 1752 3719 
4 4 3719 10618 6752 1866 
2 2 9450 12357 
2 8 12357 9657 926 1760 10526 3699 1719 1866 
2 6 1866 4807 4664 10341 12456 12357 
1 8 6737 11589 1560 12456 926 4834 703 10599 
1 7 9450 6713 11641 695 691 11656 6710 
2 7 6710 9724 9711 722 11695 749 11654 
2 5 9450 6713 9654 11637 689 
2 4 689 3685 9825 6890 
2 5 6890 882 3687 6707 11654 
2 11 9832 11830 3906 6732 3712 3732 7462 12459 1338 1619 4342 
2 8 3878 6911 3806 11665 10381 11662 7345 4345 
2 4 9832 6909 9847 3878 
2 2 3878 6882 
2 3 6882 11782 6845 
2 5 6892 9786 6845 3824 6984 
3 2 6984 3957 
2 6 10412 11841 3823 873 3957 11892 
2 8 6845 6869 11785 9804 847 3850 880 11800 
2 4 6855 827 9808 11800 
2 11 9450 6713 9653 870 11791 3872 659 3853 6874 9808 11800 
2 6 1595 9796 831 11776 11760 6855 
2 2 1595 4527 
2 11 4527 4601 9775 9760 7528 3975 801 9923 6823 6929 6984 
2 6 12211 3513 12183 7865 12553 9616 
2 6 1866 9880 7536 12577 12646 12586 
2 9 9450 12312 11589 10478 7306 12418 1770 10666 12586 
2 6 12586 7852 3855 3613 4760 4723 
2 9 9450 12368 6737 10393 7539 1586 1678 9892 12586 
1 5 1595 4531 4437 9682 9450 
2 10 11654 734 3733 3702 9708 1436 9693 3806 6911 3878 
2 4 6696 1881 10448 1595 
2 4 6696 12709 12568 9727 
2 3 4527 1445 9727 
2 4 1572 12381 1480 11975 
2 6 1843 9834 10489 866 12439 1572 
2 3 1572 1584 7388 
2 6 1572 12353 1433 12470 10492 12384 
2 3 12735 7422 492 
1 4 12384 7583 860 492 
2 3 492 10520 7480 
2 3 7552 7524 4464 
2 4 7552 1453 10449 10410 
2 4 7552 1453 1643 1528 
2 5 1528 12401 6968 9829 3960 
3 4 3960 10861 10504 10337 
3 6 10337 1500 12313 4507 4535 7552 
2 5 10337 12410 4884 2042 6785 
3 4 10337 12341 1927 12782 
2 5 3960 7981 5022 1927 12782 
2 3 6785 12369 5015 
1 3 5015 10769 12835 
3 5 12782 6987 5061 13306 10769 
1 2 8097 10740 
2 4 8003 7973 13310 12835 
2 3 8003 10916 10830 
2 3 10830 12745 8097 
3 5 10740 10894 5038 12728 12782 
2 4 12835 12721 13088 13316 
2 5 4956 7913 13320 1965 13321 
1 3 4956 5021 13088 
1 8 4956 1952 12721 12835 13310 10746 12811 12728 
1 2 4956 10172 
1 4 10172 12804 10853 8003 
2 4 13089 4887 12755 13321 
3 2 3834 853 
3 5 3834 7920 5044 12791 10740 
2 4 4908 4977 1945 8057 
2 4 13089 12746 13318 10895 
1 3 8032 2051 13089 
2 5 12753 8236 12712 10773 12810 
1 3 12753 10842 10886 
2 3 3960 9829 5001 
2 6 5001 7485 12458 12489 4444 1646 
2 3 7202 1547 11975 
1 4 10412 3925 11738 788 
2 4 7138 4491 7012 7202 
2 7 12384 638 10394 1485 4653 4491 7138 
1 8 788 6943 11783 7045 7083 11927 10047 7012 
1 4 1132 4168 6943 788 
1 4 7138 7083 12054 1132 
1 5 10412 9931 12445 10081 7138 
1 3 4464 7668 7480 
1 5 3957 951 11873 10343 7646 
1 5 9727 12637 4627 7588 7646 
1 3 9727 1582 913 
1 7 7622 10498 7451 10374 4476 7546 1550 
2 3 8252 5051 12798 
1 3 913 7791 10909 
2 3 12384 5090 10909 
1 4 12735 12803 968 10909 
2 4 12735 10192 10824 12501 
2 4 12501 1987 10615 7797 
1 2 7797 4625 
2 5 12735 1587 10753 7464 7797 
2 6 7464 4510 10410 4565 1615 7668 
2 4 6696 6974 12670 12501 
2 6 1595 12437 1604 7626 12305 4569 
2 6 9450 9682 10461 720 12697 7626 
1 4 4569 1621 12361 10717 
1 3 10717 1564 1534 
1 5 4569 12346 12463 10370 1534 
2 10 1646 4625 4540 4449 4569 1523 7607 7449 7539 10478 
2 10 9427 3586 11428 9508 548 3230 3295 13499 13500 3380 
1 5 279 3324 389 362 13295 
2 5 10393 4590 12365 10457 12305 
1 7 1866 9880 1867 12667 12620 3750 1747 
2 8 4723 10640 10711 1815 12651 1851 12585 4860 
1 3 4860 10593 10624 
2 4 12211 3513 4328 4274 
2 5 3588 6665 3471 10151 4274 
2 4 4274 4347 4331 3588 
3 3 3588 9697 9713 
2 5 9713 6699 3678 9671 13325 
3 5 9713 6699 6694 6876 4518 
2 4 4518 9911 941 10387 
3 3 10387 10483 9814 
3 4 9814 11757 7517 1562 
3 3 1562 12374 7986 
3 3 7986 8115 853 
3 4 10387 12303 4727 7986 
2 7 10327 12673 12124 3781 6742 7779 4860 
2 11 4860 12572 4857 7880 1767 6722 12566 1836 4772 1752 3719 
2 4 10624 4863 7883 4759 
2 8 10327 1690 1832 4838 1854 1857 10593 10624 
2 5 10717 7834 1352 7892 4740 
2 4 1534 9802 4811 4740 
2 3 1534 2043 1806 
2 6 3960 2082 8025 5103 1618 1806 
1 3 1806 7904 10798 
1 3 10798 11802 4740 
2 6 3960 9920 5085 3875 12848 3972 
2 3 10798 10702 3972 
2 5 4740 11802 7762 2055 3972 
2 2 3972 9908 
2 5 9908 12624 4586 10340 4740 
2 6 9908 12893 10867 8070 3867 10740 
2 4 10740 12791 3883 4975 
2 3 4975 10642 12627 
2 5 4740 10340 4586 1738 12627 
2 3 12627 10588 1827 
2 10 10717 7834 4757 12513 1753 10532 4871 12570 12642 1827 
2 9 10717 7834 1352 7892 12024 4814 4586 1738 12627 
2 3 1827 7780 4723 
1 3 853 1793 11814 
1 4 11814 4799 4657 10387 
1 4 853 7747 6897 10573 
1 4 10573 10645 12552 4975 
1 4 10573 7821 12765 11814 
1 9 12627 9792 868 1658 6887 1756 4742 10662 4865 
2 8 4865 10651 12573 12699 850 4799 4657 10387 
3 9 4865 10651 10591 7827 4736 10422 11698 710 9713 
2 3 4865 10582 12535 
2 4 12535 1789 10556 9616 
2 6 12535 7888 12633 12561 10640 4723 
1 4 1814 4804 12617 12604 
2 8 1814 4804 12617 7783 1713 7887 1565 4543 
1 4 1814 4804 7692 1801 
2 4 2197 5195 2203 2211 
2 5 7798 4776 12932 12924 12910 
2 8 7798 12576 7755 1667 10455 10682 12435 12406 
2 10 7564 7535 7522 4481 12308 7651 10487 10460 4560 7566 
1 4 1454 12104 1431 7669 
1 4 12364 1555 4573 7621 
1 5 12364 10402 12394 12409 1639 
1 4 12364 10402 12394 10418 
1 7 12364 12351 10390 8208 5184 12970 8215 
1 3 8215 10992 650 
1 2 650 8222 
1 4 650 5191 8194 5228 
1 4 5228 11000 5171 12994 
1 3 12994 8217 5131 
1 4 650 8229 8251 5121 
1 3 1639 12494 10935 
1 3 12364 12351 7500 
1 3 7500 10985 12942 
1 5 8187 10943 12453 10515 12364 
1 4 8187 8238 2173 2152 
1 7 4604 1626 13258 1613 1654 12336 13261 
1 6 7500 5163 10975 8255 5143 8216 
1 3 5131 2174 12930 
1 6 8216 10965 2224 5229 10987 12930 
1 3 12930 8157 5230 
1 3 5230 13195 13086 
1 2 2210 2182 
1 3 4604 4589 10447 
2 7 4604 4589 7594 1542 1529 5156 8181 
1 4 8181 7553 10947 10513 
1 2 10513 5112 
1 4 10513 10432 5172 10980 
1 5 10980 8190 12996 2153 10999 
2 4 10980 12334 8148 7476 
2 8 10513 10947 12972 5186 12937 2181 10959 8189 
1 6 10513 10947 12972 5186 7636 12977 
1 2 10946 8143 
1 4 10998 5182 10967 5168 
1 2 5168 2227 
2 5 12589 10415 12692 12547 4696 
1 5 10963 2229 2207 13463 10978 
2 4 10963 7605 5203 1509 
2 2 1509 10697 
2 3 10697 4822 4696 
1 4 1468 4556 12648 10400 
1 2 2213 10400 
1 2 7576 1468 
1 3 4696 1833 7576 
1 4 10400 5106 10566 8245 
3 2 10697 5231 
3 3 5231 12648 10400 
2 2 2120 10929 
2 4 10929 1874 12963 8214 
1 3 8214 10668 5231 
1 4 10929 1874 7872 5199 
1 3 5199 12504 191 
1 5 8214 12963 1874 7872 5199 
1 4 10968 12925 5117 13303 
1 5 2196 8205 12911 10932 8144 
1 3 5160 10860 1939 
1 3 1939 5196 5210 
2 3 7011 10005 11964 
2 4 7011 10073 7164 4076 
2 2 7011 3996 
2 4 3996 4055 1068 10031 
2 4 10031 7144 11974 12044 
2 5 11999 1064 12071 1151 12044 
2 3 8105 10745 7989 
2 2 7989 2046 
1 3 2046 2003 12725 
2 3 2046 12881 12806 
2 5 11921 4129 7162 7180 11969 
2 2 9994 11969 
2 2 12051 7081 
2 6 7081 1160 4163 1046 7180 11969 
1 6 12051 7065 13077 4131 11939 1145 
1 6 1145 9964 12760 11923 7132 4116 
1 4 2012 8015 12710 4948 
1 5 2050 12900 2025 1969 4972 
2 5 9570 6462 9511 479 11467 
2 3 9817 11673 6734 
2 3 9347 9320 11305 
2 7 2086 2054 1908 4984 10847 1980 4110 
2 7 2086 2054 1908 4149 12886 1103 9975 
2 9 4245 4204 7593 12452 1637 10471 10332 7938 5040 
1 8 3022 6038 3111 11049 3162 11052 46 3108 
2 9 11542 9429 583 421 6562 3414 3583 9567 6464 
1 4 3583 3414 6562 3569 
1 5 3569 557 3718 6739 11666 
2 6 11542 9429 583 421 6562 3569 
2 4 12810 8089 13322 13321 
2 4 4908 10765 8012 3834 
2 3 7859 12435 12406 
1 9 12406 7520 10388 4478 4658 10500 12451 10430 7564 
2 4 8186 5225 10925 12910 
1 10 12406 1537 10427 12377 11019 2114 8249 5211 5225 8186 
1 13 8186 10927 8165 5197 12948 2191 10969 8200 10949 1526 10983 2157 1652 
1 9 6928 3981 3852 6922 959 6822 898 6944 9897 
2 7 6811 11906 3791 10376 7591 9782 10433 
1 7 9897 6964 3947 9928 9913 11864 7663 
2 6 11771 11808 916 4642 4503 4572 
2 4 10433 7523 11744 4572 
2 11 7786 4792 10612 7743 4745 10638 1502 12485 4506 7582 10433 
2 7 4725 10655 7801 12678 12261 4805 12189 
2 9 4677 7725 10559 12543 7851 10678 12657 7763 4725 
2 8 3585 6418 9421 9569 9541 5283 732 9665 
3 4 11542 6440 3418 3585 
2 3 9315 6318 6384 
2 5 9315 9379 9332 11270 351 
2 5 6583 9418 9444 3516 516 
2 5 13011 9472 13081 3516 516 
1 8 3529 9504 533 9516 509 500 11476 3519 
1 8 11408 9564 3539 11485 9436 3582 9504 3529 
1 6 9878 6945 11796 3927 6992 4112 
2 4 4112 11848 9799 6864 
1 4 979 6938 9844 11747 
1 6 9777 3903 919 933 9900 11881 
1 3 921 6977 9777 
1 5 11747 804 11844 3807 921 
1 4 7620 9912 6813 3889 
1 8 1599 9702 12441 10472 6991 11853 9954 9868 
1 3 6747 723 3707 
1 5 6435 11503 560 6280 3309 
1 4 3707 11686 13335 754 
1 6 754 3757 3575 6597 409 3452 
1 4 6344 9371 9396 11230 
1 6 3122 11065 3172 66 195 11121 
1 5 9206 11162 3050 6150 3187 
1 12 3187 3030 9061 3068 9169 193 6146 11079 9233 9106 6212 11121 
1 5 141 6078 9104 3125 6146 
1 4 9056 11033 3119 6138 
1 9 9108 6165 6125 9147 11125 11164 11081 158 11121 
1 8 9753 11706 6758 3726 6748 700 6701 3668 
1 9 9753 6620 11429 9455 6486 6516 520 11474 3529 
1 7 1976 7301 12713 6932 11931 1004 9958 
1 10 10137 10309 4379 1302 7280 12297 4397 10016 11936 1185 
1 6 4401 12232 10232 12204 1285 10162 
1 6 13351 13240 7980 13249 13239 5010 
1 3 12766 5091 13250 
2 6 11618 11615 656 11598 9598 603 
1 2 13255 9914 
1 3 11767 3884 13255 
1 3 3924 11816 6942 
1 2 1951 12843 
1 3 2080 5036 6039 
1 3 10978 4879 10963 
1 3 13350 8124 7980 
1 3 13356 11735 13328 
2 6 12313 1643 7599 1559 10355 4444 
1 5 7797 7615 10586 7831 12305 
1 8 10478 9910 1831 10341 1760 7829 9678 1849 
1 4 8057 10895 7921 12804 
1 6 3712 733 4445 7629 7289 4417 
1 4 12505 7758 12698 7788 
1 2 7259 1214 
1 3 10172 5052 4887 
1 7 12049 1155 11979 4161 4088 1201 4206 
1 10 4115 12101 1033 2095 8092 2033 12883 1923 8073 10840 
1 2 12883 5037 
1 2 2033 7934 
1 4 12441 12320 6997 13451 
1 9 11811 904 11866 11883 979 3982 3967 6995 11881 
1 6 11881 11894 975 13448 9932 3979 
1 13 4112 7130 10038 9941 10122 12096 1119 1005 1122 4127 4008 7026 4124 
1 4 10038 9929 10041 11796 
1 4 1005 12016 784 3876 
1 4 11844 9861 869 6807 
1 4 11844 3862 3964 919 
1 4 804 11839 11897 933 
1 6 4112 928 11898 981 3856 3983 
2 6 657 11597 9783 9919 9902 11842 
1 5 9612 9769 6967 6814 9862 
2 7 3707 3724 3704 13293 687 9635 657 
1 2 9769 9783 
2 5 11767 914 3914 11786 863 
2 3 7211 7096 3988 
2 3 9612 6658 9617 
2 8 11818 6990 9930 11774 849 3879 6895 9833 
2 7 11811 3851 947 11867 6912 9887 6864 
1 3 9799 785 11898 
1 4 904 3905 3919 11866 
1 9 10163 3833 3865 3882 13456 11832 11857 9906 11887 
1 3 9595 9588 6983 
1 10 6647 13367 6799 11899 13366 953 13371 6889 13286 13287 
1 2 1573 7639 
1 5 3979 9868 11797 9860 7620 
1 5 9932 3714 11753 7454 3653 
1 7 10472 12376 7470 6935 13410 864 12476 
2 7 12476 7530 12387 12416 9823 9893 3889 
1 6 12416 4512 10497 9858 11880 7470 
1 4 3452 488 9491 9519 
1 2 11411 11427 
1 6 11542 9414 11401 11517 6534 552 
2 4 9660 9690 11679 11522 
1 3 1599 12309 1539 
2 8 3585 6470 11404 9416 9572 11417 3397 6488 
1 5 321 11276 11219 11359 3522 
2 5 3535 11545 6441 9428 6521 
2 6 9441 13502 538 425 6487 3522 
1 4 6421 6524 3561 425 
1 5 9572 6421 3474 9497 538 
1 2 11976 4115 
2 5 9642 3646 6666 9622 9620 
1 9 13300 13299 12616 10202 7708 4661 10584 12635 7784 
1 12 12397 12340 12640 7706 12583 10146 1591 10547 10619 10550 10680 7784 
1 2 4661 13301 
1 3 1047 7152 11938 
1 2 7071 12084 
1 4 12483 13143 1448 12495 
1 7 1628 7653 3992 9984 7054 1066 9944 
1 7 9944 7174 11920 1195 12059 11991 7191 
1 2 7058 9974 
1 6 7191 4042 12076 13386 13383 7014 
1 4 12036 7222 11994 1099 
2 7 11980 7189 1069 4037 12015 9956 12055 
1 5 1069 10102 12074 7089 10000 
1 7 9958 7656 10098 4010 7085 7025 12055 
1 2 4606 1139 
3 4 9843 13388 13381 13379 
1 10 9776 6904 10397 828 1590 10480 12432 12403 10424 4525 
1 8 12432 10507 1438 4469 12344 12078 4093 4190 
1 6 12344 1519 4634 7571 1575 12713 
1 2 13405 12026 
2 5 9926 6989 6838 810 6811 
1 5 10433 7526 4592 1588 1502 
1 6 1502 12485 1627 12337 1499 930 
1 11 13435 11886 6837 9835 11815 6951 6893 11836 1638 930 4642 
1 7 11771 3849 887 3913 1567 7663 4572 
2 7 6851 1150 3783 964 892 987 11771 
1 2 6951 11771 
1 2 3849 6868 
1 2 9835 934 
1 3 9835 3934 6852 
1 2 6918 3783 
1 2 1627 7812 
1 3 11815 11764 892 
